1	"id","Sepal.Length","Sepal.Width","Petal.Length","Petal.Width","Species"
2	"1",5.1,3.5,1.4,0.2,"setosa"
3	"2",4.9,3,1.4,0.2,"setosa"
4	"3",4.7,3.2,1.3,0.2,"setosa"
5	"4",4.6,3.1,1.5,0.2,"setosa"
6	"5",5,3.6,1.4,0.2,"setosa"
7	"6",5.4,3.9,1.7,0.4,"setosa"
8	"7",4.6,3.4,1.4,0.3,"setosa"
9	"8",5,3.4,1.5,0.2,"setosa"
10	"9",4.4,2.9,1.4,0.2,"setosa"
11	"10",4.9,3.1,1.5,0.1,"setosa"
12	"11",5.4,3.7,1.5,0.2,"setosa"
13	"12",4.8,3.4,1.6,0.2,"setosa"
14	"13",4.8,3,1.4,0.1,"setosa"
15	"14",4.3,3,1.1,0.1,"setosa"
16	"15",5.8,4,1.2,0.2,"setosa"
17	"16",5.7,4.4,1.5,0.4,"setosa"
18	"17",5.4,3.9,1.3,0.4,"setosa"
19	"18",5.1,3.5,1.4,0.3,"setosa"
20	"19",5.7,3.8,1.7,0.3,"setosa"
21	"20",5.1,3.8,1.5,0.3,"setosa"
22	"21",5.4,3.4,1.7,0.2,"setosa"
23	"22",5.1,3.7,1.5,0.4,"setosa"
24	"23",4.6,3.6,1,0.2,"setosa"
25	"24",5.1,3.3,1.7,0.5,"setosa"
26	"25",4.8,3.4,1.9,0.2,"setosa"
27	"26",5,3,1.6,0.2,"setosa"
28	"27",5,3.4,1.6,0.4,"setosa"
29	"28",5.2,3.5,1.5,0.2,"setosa"
30	"29",5.2,3.4,1.4,0.2,"setosa"
31	"30",4.7,3.2,1.6,0.2,"setosa"
32	"31",4.8,3.1,1.6,0.2,"setosa"
33	"32",5.4,3.4,1.5,0.4,"setosa"
34	"33",5.2,4.1,1.5,0.1,"setosa"
35	"34",5.5,4.2,1.4,0.2,"setosa"
36	"35",4.9,3.1,1.5,0.2,"setosa"
37	"36",5,3.2,1.2,0.2,"setosa"
38	"37",5.5,3.5,1.3,0.2,"setosa"
39	"38",4.9,3.6,1.4,0.1,"setosa"
40	"39",4.4,3,1.3,0.2,"setosa"
41	"40",5.1,3.4,1.5,0.2,"setosa"
42	"41",5,3.5,1.3,0.3,"setosa"
43	"42",4.5,2.3,1.3,0.3,"setosa"
44	"43",4.4,3.2,1.3,0.2,"setosa"
45	"44",5,3.5,1.6,0.6,"setosa"
46	"45",5.1,3.8,1.9,0.4,"setosa"
47	"46",4.8,3,1.4,0.3,"setosa"
48	"47",5.1,3.8,1.6,0.2,"setosa"
49	"48",4.6,3.2,1.4,0.2,"setosa"
50	"49",5.3,3.7,1.5,0.2,"setosa"
51	"50",5,3.3,1.4,0.2,"setosa"
52	"51",7,3.2,4.7,1.4,"versicolor"
53	"52",6.4,3.2,4.5,1.5,"versicolor"
54	"53",6.9,3.1,4.9,1.5,"versicolor"
55	"54",5.5,2.3,4,1.3,"versicolor"
56	"55",6.5,2.8,4.6,1.5,"versicolor"
57	"56",5.7,2.8,4.5,1.3,"versicolor"
58	"57",6.3,3.3,4.7,1.6,"versicolor"
59	"58",4.9,2.4,3.3,1,"versicolor"
60	"59",6.6,2.9,4.6,1.3,"versicolor"
61	"60",5.2,2.7,3.9,1.4,"versicolor"
62	"61",5,2,3.5,1,"versicolor"
63	"62",5.9,3,4.2,1.5,"versicolor"
64	"63",6,2.2,4,1,"versicolor"
65	"64",6.1,2.9,4.7,1.4,"versicolor"
66	"65",5.6,2.9,3.6,1.3,"versicolor"
67	"66",6.7,3.1,4.4,1.4,"versicolor"
68	"67",5.6,3,4.5,1.5,"versicolor"
69	"68",5.8,2.7,4.1,1,"versicolor"
70	"69",6.2,2.2,4.5,1.5,"versicolor"
71	"70",5.6,2.5,3.9,1.1,"versicolor"
72	"71",5.9,3.2,4.8,1.8,"versicolor"
73	"72",6.1,2.8,4,1.3,"versicolor"
74	"73",6.3,2.5,4.9,1.5,"versicolor"
75	"74",6.1,2.8,4.7,1.2,"versicolor"
76	"75",6.4,2.9,4.3,1.3,"versicolor"
77	"76",6.6,3,4.4,1.4,"versicolor"
78	"77",6.8,2.8,4.8,1.4,"versicolor"
79	"78",6.7,3,5,1.7,"versicolor"
80	"79",6,2.9,4.5,1.5,"versicolor"
81	"80",5.7,2.6,3.5,1,"versicolor"
82	"81",5.5,2.4,3.8,1.1,"versicolor"
83	"82",5.5,2.4,3.7,1,"versicolor"
84	"83",5.8,2.7,3.9,1.2,"versicolor"
85	"84",6,2.7,5.1,1.6,"versicolor"
86	"85",5.4,3,4.5,1.5,"versicolor"
87	"86",6,3.4,4.5,1.6,"versicolor"
88	"87",6.7,3.1,4.7,1.5,"versicolor"
89	"88",6.3,2.3,4.4,1.3,"versicolor"
90	"89",5.6,3,4.1,1.3,"versicolor"
91	"90",5.5,2.5,4,1.3,"versicolor"
92	"91",5.5,2.6,4.4,1.2,"versicolor"
93	"92",6.1,3,4.6,1.4,"versicolor"
94	"93",5.8,2.6,4,1.2,"versicolor"
95	"94",5,2.3,3.3,1,"versicolor"
96	"95",5.6,2.7,4.2,1.3,"versicolor"
97	"96",5.7,3,4.2,1.2,"versicolor"
98	"97",5.7,2.9,4.2,1.3,"versicolor"
99	"98",6.2,2.9,4.3,1.3,"versicolor"
100	"99",5.1,2.5,3,1.1,"versicolor"
101	"100",5.7,2.8,4.1,1.3,"versicolor"
102	"101",6.3,3.3,6,2.5,"virginica"
103	"102",5.8,2.7,5.1,1.9,"virginica"
104	"103",7.1,3,5.9,2.1,"virginica"
105	"104",6.3,2.9,5.6,1.8,"virginica"
106	"105",6.5,3,5.8,2.2,"virginica"
107	"106",7.6,3,6.6,2.1,"virginica"
108	"107",4.9,2.5,4.5,1.7,"virginica"
109	"108",7.3,2.9,6.3,1.8,"virginica"
110	"109",6.7,2.5,5.8,1.8,"virginica"
111	"110",7.2,3.6,6.1,2.5,"virginica"
112	"111",6.5,3.2,5.1,2,"virginica"
113	"112",6.4,2.7,5.3,1.9,"virginica"
114	"113",6.8,3,5.5,2.1,"virginica"
115	"114",5.7,2.5,5,2,"virginica"
116	"115",5.8,2.8,5.1,2.4,"virginica"
117	"116",6.4,3.2,5.3,2.3,"virginica"
118	"117",6.5,3,5.5,1.8,"virginica"
119	"118",7.7,3.8,6.7,2.2,"virginica"
120	"119",7.7,2.6,6.9,2.3,"virginica"
121	"120",6,2.2,5,1.5,"virginica"
122	"121",6.9,3.2,5.7,2.3,"virginica"
123	"122",5.6,2.8,4.9,2,"virginica"
124	"123",7.7,2.8,6.7,2,"virginica"
125	"124",6.3,2.7,4.9,1.8,"virginica"
126	"125",6.7,3.3,5.7,2.1,"virginica"
127	"126",7.2,3.2,6,1.8,"virginica"
128	"127",6.2,2.8,4.8,1.8,"virginica"
129	"128",6.1,3,4.9,1.8,"virginica"
130	"129",6.4,2.8,5.6,2.1,"virginica"
131	"130",7.2,3,5.8,1.6,"virginica"
132	"131",7.4,2.8,6.1,1.9,"virginica"
133	"132",7.9,3.8,6.4,2,"virginica"
134	"133",6.4,2.8,5.6,2.2,"virginica"
135	"134",6.3,2.8,5.1,1.5,"virginica"
136	"135",6.1,2.6,5.6,1.4,"virginica"
137	"136",7.7,3,6.1,2.3,"virginica"
138	"137",6.3,3.4,5.6,2.4,"virginica"
139	"138",6.4,3.1,5.5,1.8,"virginica"
140	"139",6,3,4.8,1.8,"virginica"
141	"140",6.9,3.1,5.4,2.1,"virginica"
142	"141",6.7,3.1,5.6,2.4,"virginica"
143	"142",6.9,3.1,5.1,2.3,"virginica"
144	"143",5.8,2.7,5.1,1.9,"virginica"
145	"144",6.8,3.2,5.9,2.3,"virginica"
146	"145",6.7,3.3,5.7,2.5,"virginica"
147	"146",6.7,3,5.2,2.3,"virginica"
148	"147",6.3,2.5,5,1.9,"virginica"
149	"148",6.5,3,5.2,2,"virginica"
150	"149",6.2,3.4,5.4,2.3,"virginica"
151	"150",5.9,3,5.1,1.8,"virginica"